================================================================================
BINNING ANALYSIS - I(q)@L=50.h5
Generated: 2026-07-08
================================================================================

DATASET SUMMARY
───────────────
Total molecules : 1,044,583
Total atoms     : 677,954,806

Group breakdown:
  Group                                        Molecules   Atoms total     Min     Max    Mean
  ──────────────────────────────────────────────────────────────────────────────────────
  COD                                            532,302   158,427,334       1    6032     298
  QM9                                            133,844     2,407,089       3      29      18
  tmQM                                           108,541     7,217,465       7     569      66
  rcsb_sml                                        96,158   191,599,270      28    6036    1993
  viro3D                                          60,488   176,415,290     173    6046    2917
  hydration_shells                                48,571       359,422       3     147       7
  rcsb_med                                        31,749   135,415,598    2996    6046    4265
  mofs                                            30,863     5,914,318      10    5760     192
  (Na,Co,Ag,Pb,Mo,Fe)_monoatomic_clusters          1,282       171,892       2     380     134
  binary_clusters                                    371        17,125       2    1482      46
  si_ge_clusters                                     217         4,802       4      60      22
  ar_ne_clusters                                     127         2,611       2      55      21
  (NaCl)_nCl-                                         70         2,590       3      71      37

BINNING STRATEGY
────────────────
Objective: equal molecule count per bin (not equal atom count).
Rationale: loss is per I(q) curve, so molecule count determines training signal.
Padding:   handled by Batcher's atom_size_ceil.

=====================================================================================
=========================== FINAL BINS (57 total) ===========================
=====================================================================================

 Bin  Range             Molecules   Total atoms      Mean       p95       Max    Pad
 ───  ────────────────  ─────────  ────────────  ────────  ────────  ────────  ─────
   1  (      1,      3)     21,980        64,664       2.9       3.0         3   0.98
   2  (      4,      6)     28,962       169,535       5.9       6.0         6   0.98
   3  (      7,     12)     13,148       133,805      10.2      12.0        12   0.85
   4  (     13,     14)     13,491       183,947      13.6      14.0        14   0.97
   5  (     15,     16)     27,409       427,574      15.6      16.0        16   0.97
   6  (     17,     17)     17,593       299,081      17.0      17.0        17   1.00
   7  (     18,     18)     18,919       340,542      18.0      18.0        18   1.00
   8  (     19,     19)     18,803       357,257      19.0      19.0        19   1.00
   9  (     20,     20)     15,788       315,760      20.0      20.0        20   1.00
  10  (     21,     21)     13,773       289,233      21.0      21.0        21   1.00
  11  (     22,     23)     12,533       282,667      22.6      23.0        23   0.98
  12  (     24,     26)      9,013       222,369      24.7      26.0        26   0.95
  13  (     27,     33)     14,627       439,994      30.1      33.0        33   0.91
  14  (     34,     40)     18,143       678,770      37.4      40.0        40   0.94
  15  (     41,     45)     12,556       541,983      43.2      45.0        45   0.96
  16  (     46,     50)     14,533       698,276      48.0      50.0        50   0.96
  17  (     51,     55)     15,051       797,159      53.0      55.0        55   0.96
  18  (     56,     60)     19,389     1,120,246      57.8      60.0        60   0.96
  19  (     61,     64)     12,601       790,924      62.8      64.0        64   0.98
  20  (     65,     69)     14,343       962,638      67.1      69.0        69   0.97
  21  (     70,     74)     15,415     1,109,628      72.0      74.0        74   0.97
  22  (     75,     80)     19,025     1,480,013      77.8      80.0        80   0.97
  23  (     81,     84)     11,197       927,993      82.9      84.0        84   0.99
  24  (     85,     90)     15,060     1,321,162      87.7      90.0        90   0.97
  25  (     91,     96)     16,520     1,550,835      93.9      96.0        96   0.98
  26  (     97,    102)     12,673     1,264,058      99.7     102.0       102   0.98
  27  (    103,    108)     14,521     1,536,781     105.8     108.0       108   0.98
  28  (    109,    116)     16,542     1,871,797     113.2     116.0       116   0.98
  29  (    117,    124)     14,974     1,814,473     121.2     124.0       124   0.98
  30  (    125,    132)     14,473     1,871,304     129.3     132.0       132   0.98
  31  (    133,    142)     15,294     2,107,417     137.8     142.0       142   0.97
  32  (    143,    152)     18,230     2,695,688     147.9     152.0       152   0.97
  33  (    153,    160)     13,277     2,093,273     157.7     160.0       160   0.99
  34  (    161,    170)     13,352     2,216,580     166.0     170.0       170   0.98
  35  (    171,    180)     16,322     2,871,049     175.9     180.0       180   0.98
  36  (    181,    192)     17,078     3,204,321     187.6     192.0       192   0.98
  37  (    193,    202)     11,393     2,256,029     198.0     202.0       202   0.98
  38  (    203,    216)     18,586     3,901,920     209.9     216.0       216   0.97
  39  (    217,    228)     13,282     2,969,845     223.6     228.0       228   0.98
  40  (    229,    242)     13,580     3,203,984     235.9     240.0       242   0.97
  41  (    243,    258)     15,404     3,855,837     250.3     256.0       258   0.97
  42  (    259,    276)     16,497     4,419,021     267.9     276.0       276   0.97
  43  (    277,    296)     16,374     4,708,819     287.6     296.0       296   0.97
  44  (    297,    316)     14,444     4,441,141     307.5     316.0       316   0.97
  45  (    317,    336)     13,848     4,536,479     327.6     336.0       336   0.97
  46  (    337,    364)     16,492     5,794,492     351.4     364.0       364   0.97
  47  (    365,    392)     15,083     5,722,349     379.4     392.0       392   0.97
  48  (    393,    428)     15,409     6,334,664     411.1     428.0       428   0.96
  49  (    429,    472)     16,316     7,355,327     450.8     472.0       472   0.96
  50  (    473,    524)     14,841     7,403,339     498.8     522.0       524   0.95
  51  (    525,    596)     16,544     9,258,483     559.6     592.0       596   0.94
  52  (    597,    696)     16,944    10,922,934     644.6     692.0       696   0.93
  53  (    697,    856)     18,885    14,581,311     772.1     848.0       856   0.90
  54  (    857,  1,208)     30,822    31,646,503    1026.8    1189.0     1,208   0.85
  55  (  1,209,  3,177)    112,269   236,479,235    2106.4    3000.0     3,177   0.66
  56  (  3,178,  4,251)     28,571   105,367,708    3687.9    4191.0     4,251   0.87
  57  (  4,252,  6,046)     32,391   163,742,590    5055.2    5921.0     6,046   0.84

Molecule count range: 9,013 – 112,269  (mean 18,326)
Pad ratio range:      0.66 – 1.00  (mean 0.96)
All bins >= 0.60 pad: True

NOTE ON atom_size_ceil:
  atom_size_ceil is set to 6,046 -- all bins are within this ceiling.

================================================================================
FILES
================================================================================
  atom_count_histogram.png - full distribution, all groups, bin lines
  bin_padding.png          - max/p95/mean + pad ratio per bin
  bin_molecules.png        - molecule count per bin
  dataset_cdf.png          - dataset CDF with bin boundaries
  large_mol_zoom.png       - 500+ atom detail
